1.000000000 0.000000000 0.000000000 0.000000000 0.000000000 1.000000000 0.000000000 0.000000000 0.000000000 0.000000000 1.000000000 0.000000000
0.999996483 -0.002528865 0.000814993 0.007433733 0.002527654 0.999995708 0.001483924 -0.002305503 -0.000818742 -0.001481859 0.999998569 0.002764856
0.999986351 -0.004194454 0.003111335 0.016790420 0.004184530 0.999986172 0.003189181 -0.004812116 -0.003124668 -0.003176118 0.999990046 0.006092589
0.999963284 -0.007027455 0.004909637 0.027602304 0.007005454 0.999965429 0.004484168 -0.006877660 -0.004940980 -0.004449609 0.999977887 0.009439995
0.999917567 -0.011559820 0.005591980 0.040307011 0.011520273 0.999908745 0.007053331 -0.009477995 -0.005673005 -0.006988328 0.999959469 0.012299000
0.999848127 -0.016253009 0.006289505 0.054399058 0.016194945 0.999826729 0.009175209 -0.011634584 -0.006437541 -0.009071957 0.999938130 0.014916000
0.999766827 -0.020253681 0.007488661 0.070320278 0.020169334 0.999734163 0.011172163 -0.014338692 -0.007712947 -0.011018517 0.999909520 0.016758414
0.999648929 -0.024511509 0.010058919 0.087712869 0.024413118 0.999653995 0.009790401 -0.016615082 -0.010295416 -0.009541394 0.999901474 0.019346965
0.999486506 -0.029141620 0.013321028 0.105705209 0.029083770 0.999566793 0.004516172 -0.019241268 -0.013446866 -0.004126428 0.999901056 0.021659952
0.999230325 -0.035101276 0.017511565 0.124961250 0.035132714 0.999381542 -0.001490656 -0.023172973 -0.017448412 0.002104737 0.999845564 0.023442360
0.998839855 -0.042191014 0.023213085 0.143651962 0.042419437 0.999055326 -0.009437242 -0.026489906 -0.022792988 0.010410978 0.999686003 0.026857099
0.998448074 -0.046122301 0.031211447 0.161877677 0.046577446 0.998816371 -0.014015836 -0.030022739 -0.030528067 0.015447833 0.999414444 0.028135359
0.998008072 -0.051540606 0.036379062 0.180598959 0.052144330 0.998513818 -0.015845820 -0.031976826 -0.035508301 0.017711222 0.999212444 0.030049581
0.997557938 -0.055392448 0.042542093 0.198456332 0.056005877 0.998340964 -0.013364560 -0.032667447 -0.041731220 0.015714530 0.999005258 0.032686986
0.996963918 -0.058884606 0.050946813 0.215670168 0.059230477 0.998230219 -0.005304584 -0.032925587 -0.050544303 0.008306085 0.998687267 0.035190880
0.996321857 -0.060934901 0.060248483 0.232550800 0.060685121 0.998139083 0.005968634 -0.032215260 -0.060500067 -0.002290493 0.998165548 0.037714101
0.995483398 -0.066240042 0.068008736 0.246293023 0.065273792 0.997733712 0.016335551 -0.031415019 -0.068936668 -0.011822579 0.997550964 0.040646311
0.995229244 -0.069039255 0.068937466 0.259153664 0.067591757 0.997445345 0.023116373 -0.030297061 -0.070357293 -0.018346483 0.997353137 0.043562554
0.995222270 -0.068252578 0.069816053 0.270772249 0.066498168 0.997416914 0.027154537 -0.029255107 -0.071489081 -0.022382151 0.997190237 0.045368239
0.995327950 -0.067825466 0.068717666 0.279852062 0.066052608 0.997430086 0.027753692 -0.028072968 -0.070423484 -0.023085043 0.997249961 0.046970695
0.995403290 -0.068576097 0.066855416 0.286928147 0.066950627 0.997410655 0.026260493 -0.027323253 -0.068483137 -0.021663764 0.997417033 0.048905019
0.995445430 -0.070522033 0.064148009 0.291460961 0.069203518 0.997347772 0.022551617 -0.026621755 -0.065568261 -0.018009633 0.997685552 0.050300825
0.995655417 -0.070431240 0.060907349 0.293738604 0.069416806 0.997414052 0.018616619 -0.025922440 -0.062061038 -0.014307745 0.997969806 0.050958894
0.995597839 -0.072679721 0.059184890 0.294303954 0.071864426 0.997289360 0.015792269 -0.025279898 -0.060172256 -0.011469455 0.998122036 0.051187765
0.995502949 -0.074086420 0.059035849 0.292719364 0.073336862 0.997197986 0.014766837 -0.024516970 -0.059964463 -0.010370925 0.998146594 0.050959811
0.995380819 -0.072917543 0.062450800 0.289564759 0.072068654 0.997275472 0.015742287 -0.023762213 -0.063428544 -0.011168825 0.997923851 0.050018579
0.995328963 -0.071650565 0.064704046 0.284049064 0.070771791 0.997367740 0.015775964 -0.024023972 -0.065664098 -0.011123048 0.997779787 0.047858823
0.995338202 -0.071743064 0.064458080 0.276098162 0.070938632 0.997372508 0.014686168 -0.024152871 -0.065342344 -0.010045134 0.997812331 0.045530103
0.995500982 -0.070821032 0.062947161 0.266339272 0.070099033 0.997447252 0.013608067 -0.024259433 -0.063750222 -0.009134308 0.997924089 0.042447604
0.995742142 -0.071210481 0.058539096 0.254787356 0.070510358 0.997413635 0.013942523 -0.023005385 -0.059380554 -0.009755543 0.998187780 0.039112572
0.996207297 -0.067592859 0.054791637 0.240942895 0.066776164 0.997629821 0.016603939 -0.020960299 -0.055784080 -0.012882188 0.998359740 0.036286756
0.996553481 -0.065698482 0.050644457 0.226468265 0.064787842 0.997710049 0.019419538 -0.019060105 -0.051804330 -0.016071459 0.998527944 0.033740740
0.996882319 -0.063773058 0.046459343 0.209895045 0.062879540 0.997811556 0.020447681 -0.016649295 -0.047661688 -0.017462593 0.998710871 0.031155111
0.997191370 -0.062517025 0.041242633 0.191607371 0.061731793 0.997891366 0.020046931 -0.015034464 -0.042408947 -0.017444648 0.998948038 0.028721640
0.997541487 -0.059813712 0.036513846 0.172227979 0.059167236 0.998075843 0.018536828 -0.013776642 -0.037552353 -0.016330831 0.999161243 0.025354613
0.997934759 -0.056080632 0.031322859 0.151792198 0.055663932 0.998351097 0.014021106 -0.012160822 -0.032057527 -0.012248600 0.999410987 0.021915223
0.998295844 -0.052352808 0.025778294 0.130782455 0.052134946 0.998598993 0.009052768 -0.011613713 -0.026216116 -0.007693399 0.999626756 0.016969331
0.998667240 -0.047377784 0.020473583 0.108888432 0.047310039 0.998872936 0.003781095 -0.011306825 -0.020629648 -0.002807455 0.999783278 0.012393518
0.998893142 -0.043983981 0.016674109 0.086474076 0.044012181 0.999029934 -0.001327588 -0.010976365 -0.016599543 0.002059978 0.999860048 0.008216067
0.999034286 -0.042098340 0.012583398 0.063402608 0.042147603 0.999104559 -0.003675994 -0.011121755 -0.012417375 0.004202799 0.999914169 0.003668864
0.999188483 -0.039216224 0.009198765 0.039470609 0.039252650 0.999221921 -0.003812826 -0.010052376 -0.009042080 0.004170805 0.999950469 -0.000002900
0.999392867 -0.034560427 0.004412474 0.015948916 0.034567125 0.999401271 -0.001452474 -0.008618977 -0.004359629 0.001604114 0.999989271 -0.003377674
0.999517202 -0.031045403 -0.001229636 -0.007843941 0.031049000 0.999513209 0.003026308 -0.006769934 0.001135087 -0.003063031 0.999994755 -0.006898216
0.999688387 -0.024822060 -0.002641938 -0.033395465 0.024838869 0.999670148 0.006532259 -0.003946241 0.002478924 -0.006595846 0.999975145 -0.008758294
0.999788880 -0.020224229 -0.003623085 -0.057497080 0.020248901 0.999771178 0.006908664 -0.001513908 0.003482533 -0.006980570 0.999969542 -0.010959711
0.999819338 -0.018158488 -0.005602792 -0.081330344 0.018189082 0.999819636 0.005458800 0.000782181 0.005502657 -0.005559723 0.999969423 -0.012877082
0.999814928 -0.017035574 -0.008941215 -0.105415270 0.017058767 0.999851286 0.002524233 0.003568407 0.008896884 -0.002676292 0.999956846 -0.014789735
0.999832451 -0.014131992 -0.011632938 -0.128733054 0.014137251 0.999899983 0.000370129 0.005778604 0.011626543 -0.000534524 0.999932289 -0.017485809
0.999833703 -0.011556930 -0.014105897 -0.152304202 0.011538859 0.999932468 -0.001361756 0.008080641 0.014120684 0.001198764 0.999899566 -0.019948432
0.999831438 -0.009100719 -0.015948463 -0.175521001 0.009045994 0.999952912 -0.003500342 0.011497384 0.015979566 0.003355483 0.999866724 -0.021329189
0.999728799 -0.007297516 -0.022113450 -0.198469505 0.007247922 0.999970973 -0.002322064 0.014474577 0.022129755 0.002161158 0.999752820 -0.023002760
0.999514699 -0.004471723 -0.030827114 -0.218912095 0.004518005 0.999988794 0.001431855 0.018488513 0.030820364 -0.001570437 0.999523699 -0.024412634
0.999278724 -0.001049307 -0.037958078 -0.238502190 0.001356570 0.999966502 0.008069957 0.022424774 0.037948336 -0.008115630 0.999246716 -0.024904218
0.998932838 0.002366954 -0.046124019 -0.256454736 -0.001723571 0.999900758 0.013983750 0.026728313 0.046152540 -0.013889330 0.998837888 -0.025283987
0.998439550 0.003802174 -0.055712879 -0.272780061 -0.002790621 0.999830008 0.018223101 0.029817671 0.055772696 -0.018039191 0.998280525 -0.026608592
0.997864783 0.004738990 -0.065140881 -0.287135810 -0.003608388 0.999840975 0.017462978 0.032822639 0.065213285 -0.017190635 0.997723222 -0.027469769
0.997399688 0.005973835 -0.071819171 -0.298970520 -0.005099305 0.999910653 0.012354047 0.034136072 0.071886547 -0.011955692 0.997341156 -0.028680073
0.996984899 0.007867295 -0.077195816 -0.309238166 -0.007428714 0.999954522 0.005966947 0.035072166 0.077239260 -0.005375490 0.996998012 -0.030379433
0.996514976 0.007627688 -0.083063021 -0.316313446 -0.007730666 0.999969661 -0.000918185 0.035380643 0.083053507 0.001557121 0.996543944 -0.031685069
0.996286213 0.008338419 -0.085698225 -0.319946229 -0.008797296 0.999948919 -0.004978288 0.035319693 0.085652336 0.005713714 0.996308684 -0.032597471
0.996293902 0.010307442 -0.085393623 -0.320380926 -0.010928418 0.999917030 -0.006807607 0.035408258 0.085316367 0.007715600 0.996324003 -0.034240287
0.996456444 0.012568051 -0.083165079 -0.317781687 -0.013090844 0.999897718 -0.005743846 0.035813089 0.083084397 0.006812196 0.996519208 -0.035369549
0.996807873 0.013465589 -0.078692190 -0.311864972 -0.013770869 0.999899566 -0.003337977 0.035288163 0.078639328 0.004410984 0.996893406 -0.036774743
0.997210860 0.013874996 -0.073333435 -0.303109139 -0.014052779 0.999899447 -0.001908895 0.034894578 0.073299579 0.002934109 0.997305632 -0.037414201
0.997795939 0.013428171 -0.064983115 -0.291856140 -0.013605878 0.999904811 -0.002292855 0.033957608 0.064946137 0.003171958 0.997883677 -0.038260594
0.998235166 0.013929620 -0.057726517 -0.277825505 -0.014207776 0.999889314 -0.004410831 0.032603543 0.057658687 0.005223216 0.998322666 -0.040439166
0.998623192 0.013530898 -0.050680578 -0.261608720 -0.013952732 0.999870718 -0.007978840 0.031187130 0.050566074 0.008674990 0.998683035 -0.040860303
0.998922706 0.013433957 -0.044418339 -0.243790522 -0.013948769 0.999838889 -0.011300441 0.029536631 0.044259369 0.011907849 0.998949170 -0.042153943
0.999186456 0.011683255 -0.038598079 -0.223864898 -0.012205536 0.999836802 -0.013323472 0.028086456 0.038436115 0.013783743 0.999165952 -0.042388279
0.999423027 0.010447813 -0.032318298 -0.203713521 -0.010862077 0.999860764 -0.012669306 0.026362050 0.032181431 0.013013040 0.999397337 -0.042328697
0.999582946 0.006279275 -0.028187681 -0.181563079 -0.006562613 0.999928772 -0.009970648 0.025409983 0.028123062 0.010151474 0.999552965 -0.041383486
0.999643624 0.002021884 -0.026616156 -0.159894884 -0.002145420 0.999987066 -0.004613653 0.024130505 0.026606482 0.004669112 0.999635100 -0.039928053
0.999697268 -0.001459519 -0.024558721 -0.137396783 0.001490571 0.999998093 0.001246098 0.023288347 0.024556857 -0.001282327 0.999697566 -0.037789315
0.999735415 -0.004845363 -0.022481209 -0.113418683 0.004995305 0.999965668 0.006618290 0.022248654 0.022448368 -0.006728839 0.999725342 -0.034987889
0.999828458 -0.005389793 -0.017716156 -0.090516560 0.005555029 0.999941349 0.009290922 0.020789560 0.017665043 -0.009387743 0.999799907 -0.032804377
0.999813080 -0.006593050 -0.018175427 -0.066398703 0.006762908 0.999933839 0.009299930 0.019685782 0.018112909 -0.009421110 0.999791503 -0.029545922
0.999765337 -0.007993437 -0.020134073 -0.043472625 0.008144028 0.999939322 0.007408521 0.018071586 0.020073637 -0.007570754 0.999769807 -0.026346186
0.999695063 -0.009867958 -0.022637315 -0.020537538 0.010003267 0.999932706 0.005871747 0.016282948 0.022577852 -0.006096404 0.999726534 -0.023798164
0.999661207 -0.012793032 -0.022664636 0.001030308 0.012933307 0.999898016 0.006053368 0.014198685 0.022584883 -0.006344447 0.999724805 -0.020619089
0.999650478 -0.015088019 -0.021707937 0.021393841 0.015256998 0.999854445 0.007639891 0.012367135 0.021589503 -0.007968419 0.999735117 -0.017472031
0.999634266 -0.017956913 -0.020223694 0.041412879 0.018166294 0.999782741 0.010217710 0.011070525 0.020035824 -0.010581361 0.999743283 -0.013776918
0.999657929 -0.022108855 -0.013980730 0.075489223 0.022324458 0.999631166 0.015457420 0.010642543 0.013633825 -0.015764251 0.999782801 -0.006463724
0.999635816 -0.025322180 -0.009327363 0.088310234 0.025478587 0.999530017 0.017050602 0.011058334 0.008891216 -0.017282035 0.999811113 -0.001555618
0.999546409 -0.029138556 -0.007624596 0.099374436 0.029263454 0.999430120 0.016816385 0.012162205 0.007130248 -0.017031886 0.999829590 0.003136397
0.999553919 -0.029731842 -0.002854254 0.109810114 0.029770406 0.999450266 0.014582576 0.013072648 0.002419118 -0.014661049 0.999889553 0.008278211
0.999412060 -0.033166464 0.008694069 0.118830606 0.033100348 0.999422789 0.007641866 0.013075257 -0.008942502 -0.007349603 0.999933004 0.014479665
0.998971343 -0.037942860 0.024832815 0.126372650 0.038062017 0.999265850 -0.004343172 0.012890404 -0.024649791 0.005283887 0.999682128 0.020673715
0.998414338 -0.041291852 0.038258441 0.132681504 0.042214297 0.998829186 -0.023624821 0.012620306 -0.037238136 0.025202410 0.998988628 0.027507493
0.997902930 -0.041529976 0.049649533 0.137095049 0.043739352 0.998061419 -0.044273484 0.011778552 -0.047714606 0.046352275 0.997784972 0.032911208
0.997264028 -0.040343814 0.061943408 0.140280843 0.044351753 0.996915162 -0.064753279 0.009882537 -0.059139930 0.067323416 0.995976985 0.037029434
0.996376276 -0.040737081 0.074664526 0.143595800 0.047104642 0.995214820 -0.085606948 0.007007345 -0.070819877 0.088813782 0.993527353 0.041288763
0.995529354 -0.041487306 0.084853038 0.145847142 0.050193865 0.993394077 -0.103192806 0.004504931 -0.080011323 0.106990568 0.991035342 0.044070717
0.994493902 -0.045656178 0.094325557 0.149044603 0.056263499 0.991995633 -0.113044411 0.000897986 -0.088409372 0.117729060 0.989102483 0.047122769
0.993413866 -0.053716891 0.101209342 0.152143300 0.065164641 0.991406679 -0.113429919 -0.001970236 -0.094246529 0.119278125 0.988377571 0.050615162
0.992178380 -0.061446615 0.108657330 0.156523645 0.073008955 0.991698265 -0.105850168 -0.005597359 -0.101251155 0.112955220 0.988427699 0.055114239
0.990471244 -0.071098328 0.117948502 0.161924750 0.082780749 0.991806626 -0.097298011 -0.010264844 -0.110064402 0.106134742 0.988241494 0.060784899
0.988621831 -0.081444167 0.126465648 0.168628126 0.093019262 0.991724312 -0.088488229 -0.015815211 -0.118212201 0.099245146 0.988016307 0.068586379
0.986797094 -0.090405770 0.134380862 0.175434455 0.101629667 0.991669118 -0.079142593 -0.021827294 -0.126106411 0.091754749 0.987764239 0.076845698
0.985358477 -0.097741470 0.139697030 0.182268739 0.108074434 0.991787851 -0.068385601 -0.028337643 -0.131865740 0.082481995 0.987829983 0.086336352
0.984562755 -0.101294532 0.142743126 0.188055277 0.110610008 0.992117465 -0.058892068 -0.035170775 -0.135652497 0.073771745 0.988006175 0.095686279
0.984564602 -0.103188686 0.141367272 0.192587882 0.111210890 0.992535591 -0.050053090 -0.043063313 -0.135147125 0.065002061 0.988691092 0.105284035
0.984676659 -0.108254001 0.136722609 0.194952816 0.115073472 0.992426813 -0.042977367 -0.051863298 -0.131034702 0.058051940 0.989676654 0.115945399
0.985814869 -0.108318597 0.128203571 0.195093006 0.114077277 0.992727935 -0.038440261 -0.061141748 -0.123107448 0.052520089 0.991002679 0.126841068
0.987386525 -0.105854869 0.117739767 0.193137646 0.111138530 0.993030012 -0.039235961 -0.071291402 -0.112765819 0.051826466 0.992268980 0.138523728
0.989653111 -0.098863676 0.103984371 0.188887969 0.103946768 0.993580341 -0.044643465 -0.083028674 -0.098903216 0.054990381 0.993576407 0.149851307
0.991811156 -0.090030253 0.090582877 0.181790560 0.095269926 0.993915379 -0.055278771 -0.093758322 -0.085054956 0.063455924 0.994353533 0.161505237
0.994057119 -0.078656666 0.075257838 0.172669232 0.083741426 0.994234025 -0.066978082 -0.103840426 -0.069555625 0.072882243 0.994912028 0.173112705
0.996034384 -0.064715229 0.061053462 0.160893872 0.069277212 0.994711459 -0.075826675 -0.113248050 -0.055823438 0.079755582 0.995250046 0.185320899
0.997647941 -0.052135505 0.044502497 0.147010311 0.055667792 0.995058239 -0.082219988 -0.121350877 -0.039995994 0.084503956 0.995620072 0.195944086
0.998963475 -0.039258793 0.023038201 0.130233377 0.041065536 0.995615244 -0.084048629 -0.128815457 -0.019637534 0.084907576 0.996195316 0.206081465
0.999593735 -0.028439166 -0.001879264 0.110683165 0.028182525 0.996099055 -0.083621375 -0.134940460 0.004250055 0.083534442 0.996495843 0.213132784
0.999335647 -0.019069782 -0.031058578 0.088038169 0.016508207 0.996598482 -0.080740176 -0.138077959 0.032492630 0.080173805 0.996251225 0.218301326
0.998245478 -0.007592347 -0.058722049 0.062429182 0.003173206 0.997179687 -0.074985243 -0.139033973 0.059125744 0.074667342 0.995454133 0.221638441
0.996310294 0.004852425 -0.085686810 0.035694659 -0.010710049 0.997625470 -0.068034172 -0.137678921 0.085153207 0.068700843 0.993996561 0.222531244
0.993199408 0.015533322 -0.115384884 0.007714678 -0.022626756 0.997916341 -0.060423210 -0.134280816 0.114205904 0.062623076 0.991481483 0.218726888
0.989640355 0.029260188 -0.140555501 -0.023087362 -0.037106637 0.997876465 -0.053531677 -0.128099620 0.138690665 0.058192641 0.988624632 0.212239832
0.985872269 0.044531271 -0.161470696 -0.054677270 -0.053015482 0.997409403 -0.048619255 -0.119919702 0.158887282 0.056492813 0.985679150 0.201590195
0.981009245 0.053201683 -0.186522454 -0.085217252 -0.062599078 0.997030377 -0.044855613 -0.109772101 0.183582112 0.055679895 0.981426179 0.189525157
0.976176858 0.057215702 -0.209296510 -0.113813207 -0.067351751 0.996860862 -0.041621007 -0.099625081 0.206258059 0.054725941 0.976966083 0.174022004
0.971026719 0.059029888 -0.231565714 -0.141053870 -0.069885276 0.996794343 -0.038951423 -0.086976498 0.228524148 0.054005895 0.972039163 0.158497736
0.967133343 0.061402403 -0.246744156 -0.166092098 -0.072028756 0.996813893 -0.034264937 -0.072783984 0.243854061 0.050911434 0.968474746 0.141474888
0.964587033 0.064477101 -0.255762696 -0.185908362 -0.074079938 0.996856868 -0.028081160 -0.058691997 0.253148258 0.046033610 0.966331601 0.123168498
0.963301063 0.067785390 -0.259723186 -0.201632142 -0.076414905 0.996804833 -0.023262326 -0.042795025 0.257316470 0.042255346 0.965402842 0.104544654
0.963601947 0.071414113 -0.257626235 -0.212401167 -0.079115137 0.996672094 -0.019637151 -0.026223216 0.255366564 0.039304540 0.966045022 0.086069390
0.965263665 0.069510221 -0.251862019 -0.218234286 -0.076345831 0.996928573 -0.017458439 -0.008828527 0.249874935 0.036080610 0.967605650 0.068920538
0.967527926 0.064856529 -0.244301677 -0.220681310 -0.070516996 0.997405410 -0.014485836 0.008607522 0.242728278 0.031242875 0.969591081 0.052692953
0.970702052 0.056389533 -0.233576074 -0.218327194 -0.060083449 0.998155177 -0.008723564 0.025700456 0.232653290 0.022502039 0.972299397 0.035975154
0.974125087 0.043529961 -0.221777812 -0.212210625 -0.045118596 0.998979509 -0.002099507 0.042668298 0.221460044 0.012051488 0.975094974 0.021675430
0.978699028 0.033314325 -0.202579498 -0.202353910 -0.033159107 0.999441445 0.004161002 0.059230078 0.202604964 0.002644986 0.979256988 0.007579628
0.983845532 0.014817350 -0.178404704 -0.188579723 -0.013417619 0.999869108 0.009049858 0.073286712 0.178515419 -0.006509893 0.983915627 -0.005689664
0.988468945 -0.005503436 -0.151323512 -0.169160947 0.007101509 0.999924541 0.010022243 0.086180657 0.151256949 -0.010981302 0.988433421 -0.017322488
0.992636263 -0.027081415 -0.118067198 -0.149158254 0.027769223 0.999605477 0.004184071 0.096675076 0.117907315 -0.007431895 0.992996752 -0.027271718
0.995035768 -0.050491214 -0.085757434 -0.124413349 0.050285574 0.998724520 -0.004557901 0.105005831 0.085878178 0.000222914 0.996305585 -0.038491838
0.996382892 -0.071598634 -0.045768149 -0.100167096 0.070984252 0.997365952 -0.014913042 0.112011023 0.046715349 0.011610284 0.998840690 -0.047324706
0.995859087 -0.090584993 -0.007673137 -0.073392667 0.090370014 0.995598733 -0.024826508 0.116282798 0.009888265 0.024030283 0.999662280 -0.053014942
0.993516743 -0.109574415 0.030296206 -0.046155635 0.110500798 0.993398428 -0.030807706 0.118545033 -0.026720475 0.033955730 0.999066114 -0.056736387
0.989771545 -0.127287805 0.064421207 -0.017961506 0.129510000 0.991075575 -0.031565364 0.117896825 -0.059828397 0.039585691 0.997423410 -0.058629051
0.985071480 -0.143199906 0.095540047 0.010083880 0.146637619 0.988736749 -0.029951176 0.116342269 -0.090174951 0.043513820 0.994974911 -0.056147285
0.980491638 -0.154423594 0.121611357 0.039506871 0.158652529 0.986996353 -0.025835928 0.112489872 -0.116040312 0.044625860 0.992241442 -0.049761634
0.975828528 -0.164102793 0.144322485 0.067872465 0.169027865 0.985355139 -0.022468345 0.106641494 -0.138521791 0.046319772 0.989275515 -0.038430609
0.972208023 -0.168135300 0.162918046 0.096395999 0.173467278 0.984656930 -0.018970931 0.098380290 -0.157228664 0.046704642 0.986457169 -0.027782422
0.968994141 -0.169292748 0.179973140 0.124281950 0.175289840 0.984355211 -0.017839566 0.087838665 -0.174137384 0.048833895 0.983509660 -0.013233872
0.966927886 -0.166381359 0.193307430 0.150853410 0.173783764 0.984541059 -0.021867428 0.075223230 -0.186680749 0.054737918 0.980894506 0.002915191
0.966131568 -0.160410613 0.202134505 0.177194327 0.169683963 0.985062897 -0.029299725 0.060618248 -0.194415227 0.062606379 0.978919387 0.020542521
0.965880275 -0.153909087 0.208295971 0.199262932 0.165737584 0.985339046 -0.040471427 0.045054138 -0.199013233 0.073613018 0.977228165 0.039442759
0.965613782 -0.153155968 0.210079089 0.216864318 0.167548403 0.984469950 -0.052406821 0.029246662 -0.198790133 0.085803166 0.976278782 0.058843758
0.966035545 -0.152230829 0.208808675 0.230401352 0.168425962 0.983762443 -0.062001821 0.012882036 -0.195979550 0.095064774 0.975989044 0.078730047
0.966368020 -0.153591633 0.206258178 0.237810448 0.170917481 0.982874572 -0.068884201 -0.003816619 -0.192145869 0.101820610 0.976069927 0.098760620
0.968149424 -0.150322363 0.200224951 0.238445371 0.168137044 0.982901514 -0.075064056 -0.018245509 -0.185517609 0.106338441 0.976870239 0.116125047
0.971271276 -0.145455286 0.188347563 0.232849300 0.162913173 0.983333528 -0.080711558 -0.031677075 -0.173468545 0.109077111 0.978780329 0.132383704
0.975910187 -0.135333195 0.171126440 0.219775990 0.151782170 0.984582245 -0.086948000 -0.043753304 -0.156721145 0.110827364 0.981405020 0.149137616
0.980843186 -0.123334214 0.150782809 0.200551748 0.138355628 0.985956073 -0.093532123 -0.053874731 -0.137129560 0.112601981 0.984132290 0.163461477
0.986320138 -0.105465926 0.126686841 0.174618855 0.118611611 0.987777054 -0.101132877 -0.061833687 -0.114472307 0.114775933 0.986773849 0.175811827
0.991567075 -0.085595779 0.097303994 0.143683001 0.095963500 0.989573181 -0.107405484 -0.067026094 -0.087095954 0.115837358 0.989442229 0.182993233
0.996151686 -0.065244116 0.058523305 0.109253041 0.071611270 0.990865052 -0.114272058 -0.069288552 -0.050533127 0.118023239 0.991724193 0.189533934
0.998816431 -0.043834746 0.021075975 0.070784405 0.045983624 0.992240727 -0.115514800 -0.069116876 -0.015848882 0.116347224 0.993082166 0.192405760
0.999548137 -0.025105346 -0.016527034 0.030099433 0.023111876 0.993508041 -0.111389011 -0.067111664 0.019216210 0.110956714 0.993639410 0.191378757
0.998528898 -0.007204102 -0.053741463 -0.008133116 0.001487796 0.994401515 -0.105657071 -0.063353933 0.054201748 0.105421685 0.992949367 0.189946413
0.996011376 0.006303844 -0.089003764 -0.045792513 -0.015159123 0.994954884 -0.099171311 -0.057320543 0.087929577 0.100124955 0.991081953 0.187128961
0.992272079 0.019273294 -0.122574836 -0.079398230 -0.030797265 0.995205820 -0.092828006 -0.049661543 0.120198071 0.095885620 0.988108456 0.181781426
0.987974882 0.032073200 -0.151251853 -0.108631194 -0.045327194 0.995348334 -0.085011356 -0.041068621 0.147821695 0.090844899 0.984832942 0.174262375
0.984084666 0.041293107 -0.172835663 -0.131860405 -0.055713460 0.995282292 -0.079430774 -0.030783653 0.168740332 0.087795898 0.981742680 0.163018584
0.981526732 0.047976203 -0.185212329 -0.150831386 -0.062974311 0.995120108 -0.075960793 -0.020284297 0.180664226 0.086221151 0.979758263 0.151845515
0.979122460 0.053186998 -0.196189806 -0.160603747 -0.068438143 0.995068967 -0.071790628 -0.009747315 0.191404074 0.083718672 0.977934361 0.140491486
0.978094935 0.054210007 -0.200977355 -0.164082229 -0.069014229 0.995336413 -0.067396924 0.001205683 0.196386531 0.079790868 0.977274597 0.128025070
0.977266490 0.058245923 -0.203856990 -0.160893798 -0.072364442 0.995418310 -0.062496185 0.012859134 0.199282855 0.075827420 0.977003872 0.116014175
0.977644145 0.059399065 -0.201702744 -0.150961906 -0.072300754 0.995740950 -0.057204530 0.023757890 0.197445795 0.070508912 0.977774858 0.104171492
0.978961349 0.061193936 -0.194654331 -0.134587139 -0.072831765 0.995924473 -0.053196535 0.035192732 0.190605700 0.066254355 0.979428351 0.092683360
0.981987536 0.056923803 -0.180168450 -0.114301972 -0.067297712 0.996377110 -0.051995292 0.045765720 0.176555961 0.063183628 0.982260585 0.082488477
0.985561728 0.054840140 -0.160188884 -0.089763254 -0.063881174 0.996610045 -0.051842660 0.056393955 0.156802803 0.061327200 0.985724032 0.074338645
0.990044534 0.048790149 -0.132027611 -0.062400199 -0.056331120 0.996950984 -0.053995766 0.066509835 0.128990620 0.060895484 0.989774287 0.066154748
0.994003534 0.040119756 -0.101720721 -0.033551905 -0.046021625 0.997349679 -0.056352727 0.076578707 0.099190272 0.060696173 0.993215680 0.058941707
0.997022271 0.027813157 -0.071922913 -0.003738906 -0.031937383 0.997872174 -0.056843020 0.085903697 0.070188902 0.058970787 0.995789111 0.051528376
0.999014616 0.012936692 -0.042453155 0.023739105 -0.015334537 0.998276234 -0.056651510 0.095854439 0.041647084 0.057246685 0.997491002 0.046634972
0.999928594 0.001797204 -0.011810141 0.048204750 -0.002413807 0.998623013 -0.052404679 0.106206261 0.011699699 0.052429453 0.998556018 0.037923332
0.999787152 -0.011764016 0.016950641 0.069063887 0.012563495 0.998775184 -0.047857355 0.116856314 -0.016366877 0.048060127 0.998710275 0.027420312
0.998867989 -0.026803894 0.039296675 0.084809683 0.028482810 0.998677373 -0.042805750 0.127699614 -0.038097337 0.043876577 0.998310328 0.016510343
0.997620463 -0.040258054 0.055969883 0.092330679 0.042434830 0.998366296 -0.038262986 0.136919856 -0.054338045 0.040547013 0.997699022 0.003099495
0.996606112 -0.049740463 0.065590873 0.094012201 0.052308816 0.997906327 -0.038038284 0.146228388 -0.063561507 0.041340172 0.997121334 -0.009246686
0.995898366 -0.058678061 0.068871371 0.088481098 0.061522182 0.997306883 -0.039926793 0.155053049 -0.066343054 0.044000149 0.996826231 -0.024330009
0.995359778 -0.064685360 0.071236588 0.076880693 0.067834884 0.996781766 -0.042715885 0.162495226 -0.068244241 0.047350001 0.996544421 -0.040662561
0.995026886 -0.066811860 0.073877126 0.061148200 0.070366271 0.996432006 -0.046602353 0.170496330 -0.070499942 0.051569048 0.996177912 -0.059312150
0.994972467 -0.064903282 0.076272421 0.042927220 0.069002293 0.996239722 -0.052393187 0.178784832 -0.072585128 0.057392750 0.995709538 -0.077987090
0.995269179 -0.059928991 0.076472461 0.023761714 0.064489931 0.996194124 -0.058634281 0.187482655 -0.072667539 0.063288599 0.995346069 -0.096504591
0.995771706 -0.054030791 0.074294172 0.004948657 0.058821328 0.996222556 -0.063880019 0.195307821 -0.070562065 0.067979991 0.995188296 -0.115817800
0.996301055 -0.046883859 0.072014891 -0.012500104 0.051834442 0.996304512 -0.068487391 0.202415913 -0.068537816 0.071966916 0.995049477 -0.131549478
0.996432900 -0.042651895 0.072817102 -0.028628118 0.047636822 0.996536970 -0.068153009 0.208787754 -0.069658078 0.071378700 0.995014012 -0.144687146
0.996543109 -0.041074350 0.072212666 -0.042484116 0.045861878 0.996769071 -0.065939873 0.213602588 -0.069270909 0.069023728 0.995207191 -0.154603675
0.996799171 -0.039517835 0.069496140 -0.052707803 0.043988541 0.996978581 -0.064022526 0.217909247 -0.066756114 0.066874631 0.995525718 -0.161143556
0.997121096 -0.033596307 0.067976482 -0.060103942 0.037993822 0.997196198 -0.064468376 0.219489694 -0.065619983 0.066865474 0.995601833 -0.163358316
0.997258306 -0.030429497 0.067453332 -0.063335359 0.035105091 0.996981382 -0.069250785 0.217926830 -0.065142453 0.071428873 0.995316148 -0.160346806
0.997296870 -0.023188673 0.069722995 -0.064442933 0.028487632 0.996701360 -0.075992763 0.213813603 -0.067730829 0.077773601 0.994667709 -0.153266490
0.997263312 -0.019041423 0.071437478 -0.061873436 0.024877658 0.996344984 -0.081718169 0.205974966 -0.069620334 0.083271727 0.994091868 -0.141695246
0.997115612 -0.012739630 0.074821159 -0.057152078 0.018853709 0.996487856 -0.081587031 0.194331557 -0.073518984 0.082762361 0.993853807 -0.125371248
0.996988952 -0.012207852 0.076577179 -0.050557986 0.018122235 0.996864796 -0.077021569 0.180581242 -0.075396821 0.078177400 0.994084299 -0.105713755
0.996983469 -0.010346779 0.076921910 -0.043071914 0.015450940 0.997696102 -0.066059105 0.165030226 -0.076061189 0.067048378 0.994846284 -0.084037244
0.997344077 -0.010757091 0.072035365 -0.035626747 0.014650509 0.998447478 -0.053740315 0.147404253 -0.071345448 0.054652940 0.995953202 -0.060590215
0.998033524 -0.006069516 0.062387560 -0.027979486 0.008804051 0.999008000 -0.043650359 0.128498122 -0.062060736 0.044113792 0.997096956 -0.036573566
0.998716235 0.000708260 0.050649069 -0.019504081 0.001259056 0.999246180 -0.038799599 0.107153133 -0.050638366 0.038813557 0.997962594 -0.010206856
0.999249816 0.007812941 0.037932232 -0.012439953 -0.006375348 0.999262214 -0.037873130 0.084287904 -0.038200144 0.037602890 0.998562336 0.013894623
0.999542117 0.017965734 0.024347531 -0.006380808 -0.016963750 0.999025226 -0.040753238 0.061251223 -0.025055960 0.040321551 0.998872578 0.038024727
0.999570131 0.027525727 0.010088363 -0.002271542 -0.027040415 0.998600960 -0.045441203 0.037443880 -0.011325051 0.045148887 0.998916030 0.062250469
0.999248028 0.038531221 -0.004328540 0.001726248 -0.038698323 0.998027086 -0.049441651 0.014631748 0.002414949 0.049571976 0.998767555 0.086133644
0.998592317 0.049029455 -0.020237595 0.002677628 -0.050037675 0.997353315 -0.052749783 -0.006954241 0.017597739 0.053688165 0.998402596 0.108409099
0.997334063 0.062821724 -0.037124291 0.001171430 -0.064879566 0.996257782 -0.057104334 -0.024487430 0.033397969 0.059360698 0.997677743 0.128557697
0.995759547 0.071226694 -0.058221318 -0.002897420 -0.074816734 0.995267868 -0.062001832 -0.039189365 0.053529620 0.066094838 0.996376455 0.145483971
0.993633091 0.077256344 -0.082005106 -0.009740758 -0.082989067 0.994161248 -0.068964161 -0.049961135 0.076198384 0.075330593 0.994242966 0.158555061
0.990918815 0.081931800 -0.106616914 -0.018695286 -0.090313278 0.992985487 -0.076310843 -0.056261223 0.099616766 0.085246772 0.991367400 0.166983411
0.987766564 0.086656250 -0.129645348 -0.029384647 -0.097948387 0.991689622 -0.083412424 -0.058659021 0.121339723 0.095090553 0.988045752 0.170777351
0.984801054 0.092218868 -0.147182286 -0.041400746 -0.106262848 0.990203321 -0.090583727 -0.056623675 0.137386858 0.104846947 0.984952688 0.170081675
0.982090294 0.096344881 -0.161914632 -0.053329352 -0.113119923 0.988758147 -0.097780973 -0.051345479 0.150673717 0.114345506 0.981948316 0.166077018
0.979740024 0.104528673 -0.170830533 -0.063965373 -0.123132654 0.987115383 -0.102183841 -0.043019533 0.157948300 0.121148437 0.979987383 0.157309800
0.977192402 0.113880187 -0.179237753 -0.072595611 -0.133970439 0.985485315 -0.104261622 -0.031946540 0.164762869 0.125896230 0.978265405 0.146035030
0.975295961 0.122006454 -0.184152499 -0.079267234 -0.142516047 0.984466136 -0.102545992 -0.018814817 0.168780610 0.126257390 0.977533698 0.132749751
0.973932981 0.129118741 -0.186501518 -0.084563464 -0.149152622 0.983979285 -0.097664043 -0.003770945 0.170903400 0.122935444 0.977588236 0.117044285
0.973397493 0.132673696 -0.186802030 -0.088338204 -0.151413724 0.984378159 -0.089852586 0.012348718 0.171962798 0.115746655 0.978279829 0.101350680
0.973390162 0.132587090 -0.186901331 -0.090404309 -0.149329022 0.985667944 -0.078483030 0.029568635 0.173816800 0.104304403 0.979238629 0.086663440
0.973819733 0.136031106 -0.182127610 -0.090732783 -0.149458453 0.986816823 -0.062087283 0.046208423 0.171280786 0.087682329 0.981312811 0.072235912
0.974555314 0.138504803 -0.176233277 -0.088015445 -0.148250729 0.988000274 -0.043327652 0.063242972 0.168117419 0.068351910 0.983394384 0.059216917
0.975416064 0.142622575 -0.167994678 -0.085269660 -0.149004817 0.988495827 -0.025952525 0.080288664 0.162360579 0.050346524 0.985446215 0.049922492
0.976538002 0.144263893 -0.159879774 -0.080928631 -0.147936165 0.988932967 -0.011245685 0.093676455 0.156488016 0.034633838 0.987072468 0.043981828
0.977310777 0.148615852 -0.150920615 -0.074786589 -0.150730446 0.988571465 -0.002604568 0.104507886 0.148808718 0.025293803 0.988542438 0.042354427
0.978853345 0.148521692 -0.140667930 -0.069375888 -0.149992049 0.988687217 0.000151355 0.112880081 0.139099076 0.020950912 0.990056813 0.044222470
0.979128063 0.151175559 -0.135846749 -0.063120931 -0.152750358 0.988264084 -0.001183340 0.118179068 0.134073600 0.021909278 0.990729153 0.050597586
0.979378939 0.150340334 -0.134962305 -0.057426371 -0.152549654 0.988276899 -0.006120354 0.118850403 0.132459983 0.026582593 0.990831912 0.060055859
0.978350997 0.151990324 -0.140457556 -0.052342463 -0.155748948 0.987665415 -0.016101265 0.116679378 0.136277810 0.037628811 0.989955783 0.072910778
0.977525473 0.149941236 -0.148194328 -0.047703974 -0.156097308 0.987262726 -0.030754793 0.112550393 0.141695350 0.053196333 0.988479912 0.087761715
0.975937486 0.149516568 -0.158716127 -0.043789983 -0.158393517 0.986360729 -0.044764772 0.105738565 0.149858296 0.068827227 0.986308932 0.104922689
0.973773241 0.148188785 -0.172643349 -0.039810259 -0.160904139 0.985016406 -0.062068947 0.099822283 0.160858601 0.088220119 0.983026803 0.123075671
0.971350253 0.146301299 -0.187282294 -0.037014447 -0.164094657 0.982925951 -0.083243534 0.095200449 0.171905965 0.111590661 0.978772640 0.141773641
0.968957245 0.141775459 -0.202537626 -0.032727532 -0.165490627 0.980570912 -0.105325870 0.091796592 0.183669865 0.135574386 0.973593831 0.160896346
0.967734694 0.135567546 -0.212393612 -0.029532710 -0.165232643 0.977817595 -0.128728226 0.089487404 0.190230846 0.159669161 0.968668163 0.180377811
0.967441440 0.128978789 -0.217764661 -0.026370533 -0.163562804 0.975209534 -0.149041995 0.087929070 0.193142936 0.179807618 0.964554250 0.199312642
0.967394590 0.127470210 -0.218857959 -0.023513988 -0.165943190 0.971808016 -0.167487860 0.088199303 0.191338167 0.198344857 0.961274683 0.218168825
0.966977537 0.125881925 -0.221603081 -0.020999271 -0.168100387 0.968575239 -0.183315411 0.089640573 0.191563129 0.214513451 0.957751334 0.234874800
0.966489971 0.119438671 -0.227226213 -0.019580215 -0.166131005 0.965825379 -0.198951691 0.089863971 0.195698351 0.230034128 0.953302920 0.249334022
0.965055108 0.112745799 -0.236552358 -0.018386986 -0.165593445 0.962012172 -0.217051268 0.090425938 0.203094631 0.248637959 0.947064817 0.260860980
0.963389456 0.102461278 -0.247754827 -0.017434943 -0.163434118 0.956981242 -0.239741832 0.089827433 0.212532446 0.271456361 0.938691318 0.270529300
0.963249803 0.096343428 -0.250734508 -0.016761422 -0.165485322 0.948123097 -0.271435440 0.088850774 0.211576179 0.302952975 0.929222763 0.279942423
0.963640869 0.085116684 -0.253281504 -0.016693272 -0.162353784 0.939377546 -0.302011877 0.087150216 0.212220699 0.332152188 0.919041574 0.288383186
0.964204013 0.074654117 -0.254435629 -0.016571164 -0.158507109 0.931510091 -0.327360034 0.085850529 0.212570623 0.355971634 0.909998834 0.295902133
0.964981735 0.066419721 -0.253769219 -0.016045459 -0.154393867 0.925907671 -0.344757050 0.084703036 0.212068230 0.371864647 0.903738678 0.303732395
0.966277063 0.067933165 -0.248382121 -0.015765607 -0.156357631 0.921185076 -0.356329143 0.085029133 0.204599336 0.383149177 0.900741816 0.311396509
0.968075514 0.069924295 -0.240708530 -0.015502147 -0.156190231 0.919355929 -0.361094713 0.085775405 0.196047515 0.387163311 0.900927186 0.318688393
0.970308483 0.068448618 -0.231983021 -0.015469734 -0.151099101 0.920477688 -0.360402733 0.086935557 0.188866094 0.384754330 0.903489769 0.324817240
0.972370446 0.066261902 -0.223841369 -0.015270330 -0.144898370 0.923114896 -0.356178969 0.087857910 0.183030173 0.378772169 0.907210886 0.330450416
0.973562717 0.066531301 -0.218515933 -0.014816549 -0.141924679 0.925763190 -0.350456715 0.090047650 0.178977653 0.372204512 0.910730898 0.334756434
0.974451303 0.068078339 -0.214032382 -0.014104057 -0.140917823 0.927367032 -0.346601486 0.092493780 0.174890503 0.367907286 0.913267553 0.338708431
0.974798322 0.064983666 -0.213412821 -0.013376955 -0.138329864 0.926593482 -0.349699169 0.094498239 0.175022155 0.370407581 0.912231028 0.341042221
0.974389076 0.063336134 -0.215764701 -0.012201551 -0.140902221 0.919757307 -0.366323680 0.094745398 0.175249621 0.387343556 0.905125737 0.341166735
0.974501729 0.059797887 -0.216264978 -0.011377625 -0.140651047 0.913762808 -0.381123185 0.094629817 0.174824506 0.401823163 0.898874044 0.340879321
0.974396467 0.053928036 -0.218273148 -0.010438055 -0.138420582 0.908902228 -0.393365860 0.095040120 0.177175462 0.413507819 0.893095911 0.341216236
0.974272609 0.051109649 -0.219501048 -0.009770196 -0.137035549 0.907565415 -0.396921188 0.095572390 0.178925008 0.416788906 0.891220033 0.340749025
0.974958956 0.047874980 -0.217170522 -0.009429920 -0.132772341 0.908714533 -0.395739168 0.095469795 0.178399995 0.414663672 0.892315865 0.341325760
0.975272655 0.046013914 -0.216161489 -0.008923642 -0.130454570 0.909368873 -0.395006269 0.095900506 0.178394735 0.413438171 0.892885327 0.341398060
0.975238383 0.040668812 -0.217384532 -0.008081347 -0.126135871 0.909680903 -0.395689905 0.096413784 0.181658328 0.413312048 0.892285585 0.341895461
0.975010812 0.034632716 -0.219440803 -0.007241577 -0.122573145 0.907682002 -0.401359439 0.096254081 0.185282230 0.418227434 0.889244854 0.341714978
0.975028694 0.038010404 -0.218801215 -0.006760076 -0.125587732 0.906945229 -0.402092397 0.096534021 0.183156997 0.419530421 0.889071345 0.341505706
0.974932790 0.035026111 -0.219724715 -0.006940592 -0.123104632 0.907523215 -0.401555777 0.096389309 0.185340315 0.418539137 0.889086127 0.341449291
0.974850595 0.035634223 -0.219991788 -0.007189017 -0.123815194 0.907368183 -0.401687533 0.096452251 0.185299665 0.418823600 0.888960600 0.341571510
0.974811435 0.033868007 -0.220443949 -0.007323522 -0.122427694 0.907433212 -0.401965916 0.096588492 0.186424360 0.418829441 0.888722599 0.341419876
0.974873066 0.033775967 -0.220185220 -0.007427428 -0.122209825 0.907501996 -0.401876599 0.096573859 0.186244741 0.418687552 0.888827205 0.341373056
0.974830329 0.033450548 -0.220423684 -0.007541858 -0.122059755 0.907420397 -0.402106792 0.096531421 0.186566219 0.418890804 0.888664007 0.341227889
0.974741042 0.032549266 -0.220952898 -0.007634729 -0.121405251 0.907608271 -0.401880741 0.096574970 0.187457725 0.418554425 0.888634861 0.341268957
0.974808812 0.033090081 -0.220573589 -0.007491451 -0.121869437 0.907278359 -0.402484596 0.096537374 0.186803386 0.419226736 0.888455689 0.341250122
0.974767923 0.033572327 -0.220681399 -0.007400278 -0.122342385 0.907263696 -0.402374089 0.096600667 0.186707586 0.419220060 0.888478994 0.341257274
0.974805832 0.033013027 -0.220598549 -0.007611305 -0.121758491 0.907399118 -0.402245998 0.096567117 0.186891556 0.418971419 0.888557553 0.340990335
0.974818289 0.032762114 -0.220580414 -0.007547095 -0.121490479 0.907490790 -0.402120054 0.096591353 0.187000394 0.418792456 0.888619065 0.340981007
0.974887311 0.033216685 -0.220207453 -0.007626053 -0.121754698 0.907445490 -0.402142465 0.096603110 0.186468393 0.418854862 0.888701499 0.341117978
